testSynapsin,2,,
testPSD,2,,
,,,
testSynapsin,2,testVGluT1,1
testPSD,1,,